3428
3912
5199
4993
1322
9785
3464
3641
7513
977
187
1216
1364
9381
2418
2163
5637
5180
3059
7083
3203
9293
3517
6384
3671
4761
7341
6149
7024
8976
4673
4890
3885
2226
4288
5472
2293
8429
3870
6514
1738
2611
8809
800
3967
5948
5781
6143
3064
7713
2375
2300
6971
7170
7250
6425
4856
350
4934
5726
4108
5035
7807
643
430
6433
5396
3018
2187
1751
5469
7662
5042
4325
4448
7999
5426
7915
9262
4543
249
973
2917
7082
3749
6454
8458
9792
1394
5709
5623
4833
70
985
7407
1189
915
3730
9331
9835
3483
6803
236
2659
8959
9970
409
2181
4350
3028
7973
6638
2735
6329
2550
5481
118
5610
8475
3323
2552
6896
8686
4828
9877
5966
8645
6353
9026
5425
968
9458
4618
4152
9744
3771
5683
6992
2072
7726
4872
7313
6902
4012
3487
5188
7949
6039
1155
6904
3225
2287
5109
6886
9466
513
2875
1595
1793
3815
4881
9881
4525
7603
3211
3569
1025
425
9250
1650
8134
9691
6870
1449
9384
5767
3223
9335
2006
9806
5641
5435
723
3797
6927
5354
3800
6004
4382
2931
7964
2386
4311
909
5274
86
2842
8798
4244
5183
256
6777
9131
3162
9036
5462
7080
4147
456
8131
5069
4379
6907
26
1641
7200
5252
813
4061
9629
9905
8585
1122
9973
1035
9240
7394
6539
5383
4395
7911
5419
2158
8100
6493
1588
6040
5706
3715
5321
4135
7418
3686
6749
5436
719
3821
4430
3962
8450
974
3436
596
6452
4754
8262
1691
3455
6052
8595
6036
1057
8810
7055
903
4580
1241
4089
7012
5163
4724
3906
2067
7527
8163
186
3055
4946
3585
3186
1345
9320
9616
1761
4818
3207
643
8703
6655
636
2739
7416
8974
4387
9407
4405
5498
6102
8470
6061
6758
9991
3751
1235
1342
7969
2656
3671
1974
5316
3119
3498
3123
153
4455
9010
1806
1417
6834
701
7441
2593
8632
3153
3830
66
8026
4669
5254
4599
1154
43
4917
1037
1031
2937
3901
8248
4329
3288
4644
8243
6287
574
3673
5378
7310
5665
2841
699
829
136
5221
857
7293
2484
7977
1449
2026
1154
4487
7833
6999
9247
3593
100
6117
4517
3852
2213
5615
5153
6524
706
3477
8776
1832
3934
360
4649
8411
1812
3548
6829
1730
625
3901
2709
9968
7172
6848
5042
9545
1888
2603
9866
1643
8412
9483
7544
3415
7029
9480
3536
8119
8899
5987
2996
6337
4186
7707
3205
4661
893
6932
4013
5613
8319
2524
5040
1535
5714
515
6905
8940
5123
1160
1148
9288
3761
4923
4290
9435
6993
9138
1391
7902
7771
8704
698
6217
6918
7110
9982
209
1134
6062
2761
4227
243
3032
9250
6012
7200
3473
4723
832
107
7370
6524
4371
3398
922
7402
5303
3074
5650
5496
5316
5295
8995
8732
3932
8384
4881
902
2898
6727
2208
47
9800
9523
1196
7739
7650
14
2628
2573
4207
4946
3400
9886
9389
817
949
1010
9774
9958
3844
8580
8197
7391
809
3052
2838
5756
9625
521
8140
2263
9355
7793
4695
1233
1962
1254
596
2241
9954
3986
8525
4957
3262
1172
6206
7541
583
9304
5033
2468
2197
7684
7370
8270
6852
9598
5690
5795
2580
4231
3539
5093
6622
4220
901
5492
80
3403
4244
866
6208
5771
6838
2370
3888
3169
1927
829
4080
2402
945
4138
8497
5898
2036
5602
8051
4779
5724
9134
4702
6134
6664
6047
362
237
4724
1157
7902
9854
9607
8785
2378
8856
8198
3428
6688
8954
479
5914
3737
6722
3038
6388
5435
7888
7279
9193
7688
7377
3660
435
5195
632
5942
7184
2990
5529
5503
210
4999
6273
345
4966
2440
5761
1981
2764
329
4318
507
8439
6913
2925
1566
2798
477
9481
356
5116
3364
6557
5028
4033
8571
8472
2824
8382
8656
9723
2469
4898
245
7651
2013
8405
1237
7244
1166
4924
3550
5202
3477
9987
3104
866
5301
9309
7993
7679
8525
9494
8980
8333
2662
8412
5196
6220
5403
9134
3984
7783
4219
7581
4818
9669
2462
4284
757
6395
6206
320
8644
6365
1612
625
5704
9820
1113
7014
5461
4206
5906
5786
7787
4083
4635
5073
5798
6316
7156
9728
4355
3853
6856
9404
4543
4379
7397
5726
5436
7016
2035
7117
9930
8759
7379
5266
9453
9435
399
5726
5916
6317
4939
3683
3533
2546
7193
5671
1213
3781
1835
8712
9205
5494
1056
3979
7848
1317
9035
6370
4519
4801
598
7758
6886
2927
2152
5252
2945
9858
5913
7854
2383
3057
3999
6624
7699
1622
5742
8207
9889
3143
6185
7154
3982
8979
3826
6474
9510
3622
8488
6656
1081
1905
1123
3111
1721
8957
3932
949
5084
2793
4906
8416
9913
7218
3878
173
5567
2478
301
3320
3348
3885
899
1461
1594
4436
8788
3132
699
9830
2028
6396
1999
2321
2911
1150
6315
4203
8183
399
3882
4910
6701
7442
5903
6393
8645
457
4843
8140
2394
2985
2553
537
1502
1478
9834
3959
6397
2
6331
6986
1540
1960
7826
7246
7102
1983
8040
4812
9354
3667
6903
1716
5700
7585
5182
999
5996
9804
3512
6722
5075
6114
8468
7626
294
5355
6213
7700
8811
1259
6387
1768
334
6261
1712
8654
3500
8035
1232
2232
1976
2603
260
8806
3096
103
3282
9442
879
9344
914
1884
6124
1887
8313
6004
9246
4839
8599
7523
9508
9419
6693
7712
4684
3519
5374
4303
5222
7863
8740
2168
2788
6269
6748
6163
968
151
1346
3769
4217
4572
5920
1410
520
4518
9118
494
2211
3892
1151
9105
1049
1641
2414
9198
4180
6136
3584
2249
7994
81
9520
3296
5758
7180
8957
3414
4884
7159
6442
8742
7042
2377
1578
7437
4410
6856
1443
9715
9208
6138
3175
1598
6781
5356
1323
2926
384
6979
8960
6750
5201
1475
3961
5189
3648
938
3223
9513
7067
1549
5289
5692
3180
4571
2954
9712
9592
7518
3731
8194
689
3675
4361
5664
4411
3247
2892
3518
6972
4179
1448
244
350
9639
8821
9941
6090
4652
3115
3200
953
5995
4312
4361
2473
1671
621
7811
10000
9770
5189
3891
4300
5486
8308
9430
1760
4658
498
9655
5915
9800
8901
4448
174
3445
259
9852
6161
6630
6037
7916
2384
7390
7258
1908
4810
5317
7130
8421
5279
5222
5278
2838
4088
2477
7269
7974
2656
2326
8153
3323
2163
3896
4841
9396
2580
7864
3447
7108
9984
157
7458
4478
9967
4526
8312
3310
8045
2004
6870
872
7517
1383
1532
7578
6288
8415
4952
7153
1977
1944
8167
7334
8770
5335
1503
6944
8850
7913
7384
6349
431
6620
2173
4467
3142
977
2501
4561
8640
7651
5231
1484
3709
1320
9772
4547
2229
5051
5180
9291
9544
5558
8757
8070
2832
1689
5505
7832
937
107
4460
5829
2486
1365
7088
3541
3509
4725
3343
9522
4841
7385
3119
6725
3078
2112
7296
2766
5504
6180
3761
4477
7545
9239
1919
9940
6802
2752
9356
3127
1334
2819
2087
3565
2059
1895
8858
3061
4656
1517
8753
9190
1790
3502
6254
8308
3116
7906
1149
9887
7566
5662
8894
7770
2356
5565
9832
9251
9032
3439
136
5573
4472
496
6142
4180
2150
4426
1992
4724
7919
8410
5865
3566
4066
2117
8383
7251
2754
1491
6295
8759
9465
5427
1490
5584
1282
8254
283
6973
2957
5271
6930
5930
1915
180
7282
9631
5709
687
9644
2786
7918
2355
4808
9120
9358
2542
2953
9395
281
1554
10000
6834
8335
5379
6336
3757
5069
5004
9879
364
4407
3129
3560
1564
453
2388
6113
5446
9708
8492
7597
626
7342
7096
5316
3912
7569
759
3901
8513
777
2444
5726
8707
1381
1904
2455
5865
8924
7862
391
8773
2307
3647
696
6361
9656
1317
7237
8312
710
115
7159
6071
8199
1638
8790
9918
1988
1253
3308
1113
1543
2725
9870
7268
7466
1641
4822
3104
7194
4485
1044
2451
7781
3899
2670
4191
9216
2376
6075
5280
655
7620
3418
5210
6107
4848
6419
8702
4274
1403
3844
5433
2332
5990
1143
7754
1624
9484
1274
4826
9964
66
1961
6792
295
2837
6766
8063
3947
7329
3931
3892
9357
4851
6398
4995
9339
8233
757
7751
3713
7660
2784
7400
3013
4826
5325
8412
4588
7616
8916
5953
2275
1247
9118
9550
1327
9060
5813
6289
5459
8024
8690
5778
5502
2332
881
3390
4189
6309
7030
1480
9720
9995
2617
1086
9674
1861
7997
21
6344
1487
8934
7003
8840
9649
9524
336
6260
1956
1400
1744
6379
2210
7517
4683
3334
6575
9131
1301
559
9884
8859
924
7752
9535
3657
9649
5481
229
212
4636
4516
8744
5616
3622
6574
4836
6814
2760
3177
2909
1830
6176
5944
5415
2221
4621
8771
7308
1502
6848
205
679
7035
3304
5692
4680
7085
6117
6165
4475
2022
1578
9297
3967
3779
2530
628
5952
9333
6621
7285
8174
2563
6849
936
5780
4287
3014
2311
4736
2125
9009
3172
8228
5388
2168
2722
6229
7270
5894
1848
1850
239
6829
6786
7878
7984
2933
6460
7129
8333
6616
8985
6621
4697
680
7093
2839
5628
2835
3212
8081
3750
1765
6030
6443
8598
4391
4168
2014
6575
7891
5780
7376
632
4003
9408
7316
6030
9999
6392
1032
3849
4008
8178
6857
7499
1881
8865
642
4171
2591
3586
9373
5778
7125
5692
1733
368
9854
4612
6962
4479
4823
5167
9642
7964
1733
2484
7984
6523
1745
1194
612
5296
2305
6585
7558
6035
4304
9958
1152
8065
3598
6765
2302
6960
8723
2903
8993
2518
3668
1127
4728
3712
9276
4627
5250
2368
5475
905
4578
3947
3057
6715
2555
1532
2723
9586
3948
7522
3815
9684
3997
9271
5766
5131
3912
1218
7843
2903
9750
3788
7492
6275
8974
5701
2395
3292
7360
6242
938
752
9324
5846
3115
6308
643
9000
740
311
9670
4647
8464
1183
7288
9374
7329
2522
9838
3787
129
3156
2671
4438
7900
7405
717
9535
7221
3548
2174
4519
9107
4647
2665
4125
259
3550
4484
3935
3125
8727
8350
1311
1742
4919
4593
1458
1118
2684
6922
8675
2102
979
4096
3831
6335
1503
5101
1984
7760
2492
4605
2034
9277
8271
2294
6590
6896
5067
7831
9973
7675
6584
9634
3198
8893
7306
1170
5530
8049
1204
7390
9207
8102
3484
8012
2576
9444
8943
9297
209
2363
718
2268
6771
3591
1928
5082
5001
7512
3887
8652
721
6635
5341
6804
7474
3355
3967
8184
1199
9411
6965
1383
3602
235
5616
2396
5972
8208
4764
871
9917
981
8774
3743
5715
5304
3534
4510
3754
2471
2659
3000
2548
110
8789
7278
3075
6675
3507
8212
698
7476
6291
2949
159
2144
7437
5182
8689
1350
8616
5011
4611
6554
6014
4912
6614
6177
5783
4891
1952
7922
3219
8519
4029
9300
7843
3349
2869
2663
8014
5134
9474
6902
2810
3421
4350
1978
4224
843
7917
7651
7252
3689
8768
6278
265
5279
3301
8690
2266
923
2507
2139
9320
6774
4743
1266
2861
2000
8113
7270
3806
1902
9217
8426
954
8112
3750
4971
7042
2733
7670
889
9474
6899
5925
5500
6729
8045
7243
2201
1557
3056
9037
7034
1622
6155
2485
1101
5690
5839
2119
1290
1935
8731
9377
4809
3469
3669
9265
5282
6991
4602
4414
7438
3320
1510
7000
521
1692
2341
9768
3097
4174
3562
5319
2420
1298
7333
9508
7815
2521
1394
5293
9261
4942
7798
8165
484
3804
6693
1346
3159
4550
8263
8771
6422
9150
7721
4406
9301
3035
4212
9613
9745
6813
943
1922
8352
8692
4454
4812
5774
8465
1018
9093
1766
7016
6509
7323
3671
8511
4272
4449
3447
537
3983
6199
1303
5500
5650
8756
8118
3869
4597
89
209
9371
3051
7051
9231
6274
8786
5038
3813
9667
3695
5017
3549
9375
4579
4943
506
8402
4368
1944
1457
5961
1939
7673
1720
3328
6560
567
5162
5010
6618
663
5041
6860
995
4959
8534
7824
186
8428
9748
5023
214
9940
5540
3752
6866
2501
469
971
7060
6989
2128
507
7101
9666
2170
9013
8948
8264
8017
685
3437
4114
3305
6106
8200
4904
1156
554
1015
7155
2331
7185
1645
5693
5735
7567
8047
1655
5947
1709
5461
8743
6556
2229
1860
3534
3863
8373
3696
4150
5079
2942
82
338
1916
451
9907
4767
4201
8666
8689
4905
6412
2401
9327
8879
3449
6242
4101
6240
7070
6006
8380
5598
4671
596
2170
4042
4205
74
4654
9439
8470
607
4743
7298
5086
67
369
2645
7488
4978
7171
8181
9354
1456
4090
1152
9491
1967
179
9763
4857
832
9045
5914
726
6393
5294
8562
1958
6029
9265
142
6230
9995
7106
8635
5637
2341
1380
8795
7079
4021
7385
2208
6545
5192
650
7862
7186
5758
2783
7365
503
6978
4931
653
5347
4072
4782
9916
7326
4017
8228
6261
7879
4592
362
3086
7198
2764
5634
2401
6414
3190
3017
4180
9554
654
8240
5867
7495
6693
1828
6531
165
4508
1388
465
3319
2664
786
6600
1017
1539
6235
3926
9890
5051
8624
9627
9515
4288
45
6821
3284
8684
6551
1301
9513
9133
9416
788
8771
1727
4723
1907
4409
9902
3781
5900
5950
4200
6703
5122
6649
5184
5295
3609
7216
8687
1263
5801
6307
2302
6446
5315
5162
54
4580
9348
5396
5854
5527
8395
9703
1603
5536
368
7631
5825
9945
9351
4274
9060
2053
4467
8
5095
8427
1562
6911
3170
4528
7354
5307
8455
2623
7857
8129
5693
9302
9837
718
2927
8633
8205
108
5660
5229
6453
9378
4075
4769
3374
4765
2507
7332
911
1060
6925
8817
135
8253
7576
8140
4760
3509
2920
3232
5782
2374
7633
7080
3568
5254
2095
8421
8378
489
7436
6460
8492
4774
9898
1047
6122
4565
6347
4934
9904
16
1218
2017
377
5868
3238
2481
8786
5722
2024
4864
136
5570
6999
8641
4713
3186
7100
5239
9236
6431
2398
8662
8731
3651
7737
2930
3546
2806
9366
6593
3019
8765
8823
7749
2759
9392
1507
5150
5275
9000
6832
1371
3314
2943
8855
495
7150
1998
896
1390
6431
8291
1105
3138
8938
8059
3194
6826
9728
9120
1703
9303
81
4097
9281
123
9644
9385
3734
6262
224
9406
789
9164
8261
6726
4552
6990
5696
2164
8555
8513
4662
6861
2264
1402
8411
4998
4436
5995
2741
8078
2891
6837
1376
8099
3094
4835
1888
2550
1527
2303
3993
8690
1096
1389
1895
8477
3854
5997
1588
3097
4556
5717
7070
8421
9381
2257
8394
8306
7620
1927
2723
6568
6872
4518
8255
936
6174
1578
3623
78
4170
1051
7492
2932
8569
758
9734
4465
5012
414
2419
8436
1624
9294
7200
9082
1228
3250
1256
4588
9855
7634
3214
9196
7666
5687
9298
6612
9593
9901
8059
3387
5119
2231
3968
1405
6974
5821
3999
3311
6400
465
5672
2870
4680
8918
343
3938
8821
6383
6393
7199
1688
1648
2135
2952
3028
4453
2881
5694
7911
1760
9716
8539
7789
4413
833
9704
5053
8444
924
520
5160
9389
5198
9318
9888
9463
1780
5894
7121
1905
6320
3008
965
6541
1261
2383
9904
4566
924
6037
8134
2473
618
214
8317
2364
1451
3341
4259
6786
9981
4955
5661
1782
272
5548
8858
3224
3349
3197
2183
9808
9864
7398
3451
3560
971
3198
1961
2287
5296
5757
6335
5522
8314
7682
3987
8045
9334
7841
8907
8350
7282
8104
4221
9417
633
3892
6579
8759
9258
9516
452
4122
3841
8586
3410
689
5614
9590
570
1339
9840
2688
2688
3620
2819
7382
9148
6543
2260
6758
5323
233
5316
4315
2079
6519
8366
5479
4164
9960
9216
3090
3918
1123
9593
1399
4300
2281
1107
9974
5949
4018
7515
7510
3027
9690
2809
6850
5132
2696
505
1035
396
3635
1560
4362
6489
5439
2630
7697
2346
1187
1732
4680
4951
5863
8017
2356
573
2675
3481
9356
8253
4447
264
9387
6524
5116
3076
5957
1255
2486
9304
830
3905
1169
2450
4990
8481
2365
8749
2175
427
1762
9670
9864
5687
7323
8222
3418
2633
2745
4542
5818
9095
9451
8956
4038
9081
9732
9099
1183
2005
2596
5546
9391
5011
3240
2726
3269
4598
2779
5189
4573
9912
2618
9934
1797
9555
8290
6458
2448
1521
7175
2547
301
4595
3643
5244
6173
5184
6761
2012
7129
2356
653
6034
7490
9869
6285
7304
3296
87
6465
1474
6235
9878
3838
2808
6564
6745
3602
8015
743
6662
9003
1085
1416
9077
6624
3823
2186
3040
3762
554
5139
7576
4280
953
6710
3142
4550
4914
5357
4675
1348
5839
7972
9431
2619
1409
6652
6592
9717
8172
851
3318
3938
4679
6950
4497
1956
9198
6187
423
5811
7760
4827
8711
9187
127
5034
2927
2487
5134
2736
8621
6366
6130
4806
9267
5591
557
7
4177
9963
936
1963
9148
9715
2931
8215
8018
2151
5296
7590
8737
6933
7842
3280
5496
8228
3418
9411
7174
92
6710
1950
2053
1390
7000
314
6700
4369
8615
351
8922
4146
8556
3773
4372
4012
2824
5502
4695
844
3014
4310
423
1855
1896
1378
9386
7431
8909
2769
9603
4587
7847
2518
8491
898
1224
784
5141
9190
4619
7063
5032
9261
8678
1843
4620
7862
1303
3598
747
1196
2281
9437
8817
7534
5097
3173
2138
2906
9740
6513
6401
957
3476
5545
3684
6273
1639
7426
7816
2508
4064
6014
132
2246
6316
9650
2990
3558
5980
8976
7772
7194
3289
4204
1105
4653
1792
2544
3750
4897
7603
3323
2090
772
1891
8410
1897
892
4574
2483
2895
2502
2716
8218
1389
4120
7298
9413
4724
5675
812
9303
4134
3279
6417
3679
3979
700
6523
282
5817
7170
860
6862
7616
2614
7385
6350
8230
2781
756
765
5514
5459
7781
1854
4966
5904
6813
2081
5283
2238
5059
4959
943
4993
2334
1234
3769
5612
8045
9836
1005
1527
5375
5395
4719
7113
5351
4036
1514
1484
7526
9980
9489
9968
5044
4259
751
643
1287
5981
4814
9116
1719
305
372
4070
845
6795
2856
7579
6749
8280
9907
3944
9444
7300
9864
958
1016
9929
9242
7949
8363
4811
3360
8871
9636
5650
7363
1406
7717
2498
1613
7174
9626
2460
6784
9842
6819
8841
6463
1223
2321
355
3917
5544
3804
9734
177
1469
6406
9428
8118
177
4190
1995
218
2012
2393
2910
3099
9276
5734
886
1223
9050
185
3797
4369
543
8111
9253
4026
1609
2619
5105
6691
4427
3465
4893
7928
4952
3161
115
747
4860
1984
2592
6159
5577
2428
7549
8940
695
5178
12
814
8350
6890
73
6958
2946
6820
3675
4791
9336
432
5734
2955
3632
8051
6622
9698
4496
9843
2648
3032
2130
8224
720
4739
2380
3612
8797
1509
7398
9998
2240
2154
8101
4148
7821
2812
5386
369
7763
3260
4441
7817
1976
8416
8394
1278
6143
507
7821
1092
9840
9542
3712
974
5257
3728
5674
5267
9045
9829
6280
6013
360
5773
5817
3032
4258
8415
8290
2559
583
5567
2892
4003
7278
6546
2789
7345
7169
4190
155
45
6716
9710
9843
1300
855
3918
2890
6932
2404
27
5642
8415
8038
8842
4690
1474
5500
1997
4983
1473
3822
2122
6398
2080
7919
5593
3261
1231
8813
4327
8403
4673
6348
1540
8186
6630
7752
2770
4256
1985
9190
1546
8379
5611
9499
9106
4304
2868
6304
5674
9092
911
4140
5396
149
8307
824
9393
1500
1055
1296
906
4224
4218
4111
7213
1409
2040
1393
9900
3073
2090
8945
1620
9719
2733
3933
844
3268
2425
8963
824
1782
7270
5748
9576
3048
576
6383
5174
7003
3965
8628
4739
2613
6400
1232
3965
4327
8904
1607
9933
1282
5841
5360
8103
4553
1548
7907
7045
1389
6534
7891
1039
8618
3764
6893
1920
8220
5509
7968
1427
7426
7664
2311
6866
1853
6139
415
4452
6841
8141
3090
1829
5062
4626
5279
7385
1244
5069
2835
7960
1690
8169
7698
6964
3163
4498
9029
7824
9809
1627
9228
2491
8332
6402
9262
8675
6481
4102
1730
1523
2714
2011
8442
9975
6419
7466
7234
534
9847
5352
9638
9484
39
7391
3959
2287
4574
9289
7018
2219
6546
4087
1238
5323
5866
6020
442
514
7008
9027
9863
9826
6567
4872
1497
6070
1395
848
958
5970
6308
7637
2581
9316
1034
4856
3994
7953
3
7470
4121
3862
5007
6857
5961
6818
8058
9442
8861
6969
9333
2428
9167
8769
5708
7504
1163
5377
8912
2484
9933
2950
7596
3572
6559
8435
7055
4415
7941
1674
8851
5885
6365
3576
3065
8253
4917
2910
5800
8541
5663
8811
4079
8910
5454
9787
2619
8708
3132
7637
5433
5203
365
8923
856
4259
3918
4406
9358
5407
4473
1849
4130
684
2719
3507
7193
4628
9681
4083
5437
5850
3091
3874
205
202
8042
8794
2794
7411
3333
5473
3318
3805
3789
9228
8073
5623
4427
3070
6926
93
4785
1065
1081
6660
2877
6222
3763
2790
5402
1362
6939
6942
7937
3682
4471
3769
3383
985
9243
1362
954
2850
4622
2380
7402
4810
160
4326
4358
8728
118
3786
1833
1814
6005
3459
2579
5805
328
720
4820
2263
9720
6009
3858
1858
3231
5547
4544
6448
1133
7347
4697
5901
7410
7503
2577
4242
1569
1821
2028
9339
2842
8560
8919
1420
3414
3388
2054
9534
4019
483
4969
4911
9703
2458
8438
9357
8096
919
7080
1656
2517
366
7596
8691
5968
1537
8548
3608
8560
4404
6023
6196
5559
4883
9526
8503
397
4086
8079
8883
4922
6489
5500
4515
5004
9721
2580
5288
8695
6387
4845
1099
5474
1793
7537
1961
2336
3506
563
6963
1896
3163
7827
2416
9674
5390
9193
5483
8544
7086
1394
1871
9729
8015
5362
7475
1689
8910
9947
5447
4040
7413
1095
4101
2285
5539
6943
7339
8682
8102
5138
7930
9743
6802
2516
4648
6216
4439
1172
3381
4970
9676
5778
4410
3545
6137
8707
9443
5313
6661
7049
4755
9433
4560
1303
1946
890
3081
3279
1519
633
629
7349
8592
398
5142
9447
7878
6814
3976
717
530
5601
6195
8864
8133
7720
7920
1677
2044
4520
5478
2057
7568
2279
1168
6315
6683
3214
5927
5972
9952
2206
1371
9450
6230
3828
8361
850
5787
9288
7511
9371
895
5321
3670
1387
690
6912
8112
8635
5125
6655
3202
1429
5709
8690
8669
4726
1565
8775
7299
8544
106
6419
7364
5038
4064
1748
3903
2755
6654
5454
2617
6846
3025
7654
3904
5820
6669
5317
418
2113
5660
7076
6814
457
3896
8476
8489
2299
5683
7269
8484
2612
713
9535
8594
6345
5660
6798
4996
2589
8049
601
6389
8737
3521
3190
6611
4559
3814
8467
1513
9966
3417
7342
4523
7705
6407
8488
5572
2048
9710
7826
4835
2681
9594
6022
2235
931
9634
2896
7851
2629
4434
6039
9108
7217
3574
9804
9034
5964
649
6305
6576
7257
3104
4039
6752
9948
6871
8781
3879
1110
4178
1793
9860
4245
8673
2215
9493
3080
8278
5677
5596
9193
9796
8586
1227
4784
7024
2865
6375
1446
9195
2720
2895
9855
1147
7551
6864
2281
5040
5645
8911
8341
817
9441
1261
2352
3634
8628
4636
8627
8375
8374
9504
3466
9738
7058
3141
8565
4502
6664
6495
7152
5557
8735
4003
1864
7780
7421
3360
8979
3503
961
4180
6458
2669
8767
332
552
1593
8152
6061
319
7687
3276
6867
294
8377
968
3628
5087
4241
7521
7440
883
7436
4659
3364
8211
907
8865
4364
3427
3056
6078
4463
7785
5807
5443
2896
9355
4958
1500
2812
359
6672
805
2199
8042
8358
1142
4783
6636
7569
1568
9213
5659
5488
2867
3123
4989
6810
8567
5178
1221
3159
1562
3552
3181
5216
8075
1439
2315
7548
3255
216
5992
3129
875
4707
1506
4046
9569
7777
4216
2044
8119
9687
2995
3791
2418
8449
4023
8524
7808
8694
3262
1282
4029
2465
6324
3437
6079
4632
7549
7606
3904
4987
3735
5630
1219
1244
48
6738
3290
1268
9492
6957
4801
5647
785
8287
792
7861
1641
3948
8093
6120
4013
2408
4624
6788
2105
6209
1668
3784
2363
7070
8867
5454
3389
3010
9549
7518
4739
9475
2000
2434
3695
2560
6840
1361
1852
1089
822
5432
731
2122
8358
197
5260
1189
6466
9296
4832
7357
6232
8096
9472
5852
6456
8981
3851
5041
9042
868
5931
918
7729
9500
9052
7189
4535
4530
1087
580
2009
6482
4992
73
6324
7556
2719
4919
2258
6500
6690
423
8448
9214
5161
435
7371
1839
4148
4455
7095
9546
9941
7200
8309
3737
3024
1486
1455
7826
2410
480
275
3805
6917
3528
7702
3732
1598
7659
6978
6650
8618
4775
8358
4798
6924
2429
9931
567
8405
9467
7469
8908
9081
52
9950
289
293
8964
6601
421
5080
5142
2687
2981
9269
8292
1582
2599
2571
3445
795
4613
7336
4510
273
8991
6020
7903
3995
1067
4581
2976
7048
2194
7857
4778
2164
3588
5855
875
2593
458
3330
5000
6463
3913
2324
8786
2667
1126
5548
6524
4915
7547
7473
1153
3802
5162
1005
3314
9802
1295
6948
2298
62
7131
7547
8276
3758
3478
4409
6605
187
5281
9884
576
865
2231
1386
1107
2254
3569
7203
9337
7954
9680
4406
10000
3415
1470
421
2896
5961
4602
1174
4912
3504
182
470
8279
2403
1465
4344
8494
9826
5186
9276
5681
2174
4937
6765
7719
5904
9191
6598
2429
5667
7618
6800
6425
2362
2508
1019
3666
7878
9949
129
1016
7811
5347
7899
3676
2253
859
3565
6523
1711
4593
2505
9618
2518
7212
3053
7663
5193
5098
9847
9385
5525
3919
9315
846
360
9951
6746
6408
1136
5842
2828
6644
1313
7672
4738
1941
3439
1968
4339
2655
3541
1362
637
2071
7241
9068
5210
220
1701
7409
8416
7796
5065
4434
4077
8268
1022
6308
2938
3989
4773
1085
2987
1547
5138
2479
192
250
622
5194
261
2259
1799
9582
2278
2517
7818
1135
8359
8201
824
5656
6531
4466
9723
2019
2576
6511
7520
7573
9366
9080
2846
9739
3644
5714
4121
1233
9212
5276
4039
7887
9608
7311
7230
9812
909
3264
9542
5721
6095
5982
2333
6551
9194
472
6196
3587
6451
869
8198
2502
317
2023
422
8071
1364
2506
730
8691
2639
1136
5250
2638
3890
7997
1655
143
2993
9894
7372
7237
5293
7802
453
1561
8331
6555
2851
2051
3382
1602
2839
9272
655
1085
632
641
9844
9496
2192
220
4987
154
9738
6598
3716
4606
5876
3402
3818
7733
6347
2399
1219
1140
4649
9022
7224
2614
2187
2747
7221
838
2393
1443
8194
6500
1993
459
8494
5569
804
1033
5142
6033
853
9545
2489
9718
2366
1643
4065
6395
4272
1718
8873
6293
7577
6625
1291
5100
5602
2006
6918
4343
7451
7754
1425
2734
4700
2286
7681
2835
9230
410
8375
528
4914
8883
5649
3308
9632
986
627
8104
6458
2044
3456
8837
7015
7064
9275
760
8050
1748
6481
7271
9527
4964
3993
6454
4335
9254
709
5975
679
1042
1100
2149
1305
5738
2791
554
186
8573
8331
9376
2621
8754
5322
7230
9394
1692
6460
1011
4579
756
8021
7463
9836
6643
6074
2370
29
7085
4454
9694
5576
9698
5233
8987
9596
1133
283
1680
7209
3852
4924
8249
5912
2388
7340
4823
7623
100
1772
78
5664
4817
4013
5856
6903
724
7476
5185
9349
2253
638
4963
8854
1767
661
7032
4656
6116
774
4717
6580
2388
8933
558
2811
965
3882
7713
9344
8869
7082
1342
3632
726
1604
5795
1876
3372
2382
1025
6594
1147
2768
3658
6629
8735
879
606
6417
7536
8519
5543
5671
8115
6712
4961
526
6090
1215
7152
3869
3820
1794
6200
6550
6176
7192
2023
103
9978
5425
4710
4964
7248
5787
4976
5101
4804
4943
4808
9906
3218
8232
1396
2386
3621
675
6526
9160
1713
5253
7460
2448
545
2995
9763
6126
2277
800
185
1914
410
3528
6469
3083
4451
9392
858
3980
4483
5793
7631
1737
7552
1499
2571
7726
1977
1883
7759
4839
1043
8506
2042
7958
6022
8652
5312
6546
2059
6781
1206
6315
4520
5957
6810
2034
7241
9549
3331
3248
2897
37
6094
2775
6411
8756
9488
1020
4943
9307
8398
2631
6282
1083
6122
6384
5976
7655
6838
4826
4583
6770
5322
984
177
6536
4802
1593
9876
8796
7967
8799
2034
2150
488
6921
2567
9726
2800
5572
5172
6455
4871
7315
3751
2552
7459
8990
409
6630
9217
7116
2524
7175
8979
3140
803
4915
4715
1084
7130
8488
8858
8033
9971
1434
272
8209
2654
9951
9242
82
1336
3992
7016
3640
135
9102
766
4191
1272
2433
4447
7725
6369
5409
2453
1501
8946
9595
8971
6279
3336
6225
7915
2040
2246
4934
480
2615
9970
4967
3891
8449
8178
827
7506
1109
9037
2302
3429
8050
7580
6443
2790
227
9646
5774
9083
6624
2056
8368
6157
955
4869
6196
1217
6056
4335
1357
8708
983
5553
7884
6289
9492
9391
6283
845
528
466
5732
1399
2983
1356
3568
8534
9998
9809
6918
1164
6598
6506
1867
7617
9098
2103
5020
4057
6550
1469
4815
4921
8817
9217
7792
1782
7818
1952
8562
2658
3430
6765
2477
4581
9490
6081
282
8618
504
7439
6677
1356
7779
4725
6277
6436
3037
8148
4339
4654
1465
3165
8216
475
1355
362
5697
7877
8352
2575
8705
2023
4121
2391
5276
456
4584
39
7689
409
8380
3169
8597
204
9463
5267
1380
6488
3132
3705
480
2640
2801
2935
2191
6602
6883
5130
2475
5753
8276
5392
9225
2755
2249
1517
2957
6520
8077
1613
5604
8415
3527
8886
352
5031
1492
3273
8734
4302
1068
1462
3741
1047
1554
894
6001
1515
9015
1543
6567
9795
2125
9974
4244
3193
8087
769
5303
7564
9128
5728
8142
6053
8933
7163
2375
6289
2560
6522
7017
7678
244
581
3496
8102
8222
1923
9681
6852
8943
4565
1102
6442
4918
813
7430
5375
1334
2524
3261
9909
522
1651
7517
3798
8053
5785
5884
712
4889
8213
1254
6262
5831
5859
9929
5282
5308
1406
9566
6211
3553
3663
5610
8782
3879
6468
1835
1726
4741
6083
5719
9334
5201
8706
1905
2592
5776
8624
8066
3346
6631
6206
6946
6234
3811
9677
8795
1815
3762
5645
8856
7531
9510
8458
2013
9869
1656
3391
836
4689
3903
7347
2494
9848
3399
3867
9952
5694
5779
7665
1834
9751
333
4467
9735
8756
1554
5613
5927
2667
4189
9581
5125
7204
2963
5271
7972
9850
7611
4101
5283
6546
3753
3650
7598
5076
9212
327
7340
6740
7583
1050
6889
9670
7830
2673
5680
9068
8397
641
6807
3174
9512
6209
7229
4548
8059
6633
4529
2584
2823
3368
7476
1789
4329
8571
4755
8324
5515
8993
587
6169
753
7129
8760
5137
1838
2420
9892
2525
5019
422
6846
2126
8630
5555
5970
1050
1539
11
2835
6501
2584
1892
7143
7226
2414
2461
8469
8049
6931
714
4937
8905
6873
5508
4926
7802
891
8341
4245
2920
4792
2621
8199
5975
2429
7400
5694
5478
5423
6785
6424
314
1644
3901
2075
1594
4037
6025
6746
8028
4799
2491
1021
4717
6931
1704
4583
3649
9257
2412
91
2968
2826
8759
6572
1152
6888
5736
3474
3585
8926
7197
6435
4035
5894
7397
1173
8142
2596
332
7152
83
5803
4361
537
5222
3529
735
1046
2251
1992
4540
1836
2049
3206
6188
245
6713
5362
2058
4444
4004
2992
6528
5016
127
5883
7184
1411
1441
2541
3976
6772
1204
6676
1004
1783
221
897
7964
527
2144
4295
6871
414
8765
4297
8232
8749
1460
8320
723
2776
6616
247
2382
1569
6440
2084
9150
6447
5875
8793
787
8827
9216
7198
5954
8838
8119
4689
7402
1261
3788
2684
6621
9467
9644
9526
796
5743
5752
3375
55
2233
3553
7631
76
4136
2901
3983
1605
3862
654
3587
6804
121
6629
9144
5374
2299
9138
3521
752
6588
2709
320
39
2235
2265
7111
8635
4117
2530
4929
3231
5273
8998
8391
4192
3515
7253
1374
8689
8711
249
2476
5067
6849
8727
1034
5455
3575
2543
9184
5061
2708
994
7173
1806
5475
349
2811
2191
7099
3418
6061
9396
9634
2461
6919
2049
2032
8979
4515
9084
1409
5254
7667
1204
464
2888
896
4645
462
8265
140
547
8942
139
4821
6168
15
5936
5441
4337
6513
7638
5191
6316
4117
5750
8608
2111
5785
763
9470
5196
5662
5622
1910
707
3804
5371
9413
1194
4740
4173
1781
3138
1665
7828
4115
6880
4166
7141
5544
8771
3868
1858
6906
3896
937
6348
7862
7573
3743
3851
9359
9017
8044
542
542
5454
8885
9384
5514
3461
8029
6289
8339
3346
782
9527
8378
1765
2802
7632
7542
9474
8072
5465
4545
431
7701
9465
9779
9727
6427
5207
8879
1342
8139
9013
5498
5674
6610
4534
2928
9966
5044
3442
4187
661
3986
8796
5270
9199
7849
624
5728
607
7787
8846
1574
7868
849
9438
8770
1104
1062
2071
8583
2068
1797
428
667
9503
330
6334
6209
6763
1116
4436
5152
8812
5765
7270
1853
8749
3725
9077
5034
4309
21
9945
5384
3915
8665
25
775
9955
5273
114
6609
8290
1020
6224
5711
8899
2291
3847
8802
7226
6115
9438
3513
5772
1736
6799
9658
9102
6277
3840
8529
9635
9757
3652
8581
2036
8616
434
5023
384
7711
7925
6334
3888
6699
8753
958
9183
3293
1833
9315
9498
8071
1749
8987
4177
8408
9392
589
4807
4355
6632
7290
6077
3306
7446
7667
8346
1116
9406
2295
7663
3612
4366
1631
8664
6390
282
7194
7813
5698
3949
8711
6800
8884
5069
2630
1374
6447
6723
3622
7815
4248
8659
2427
1932
1154
5731
8962
5916
9589
5293
2977
248
7440
9059
533
6844
8824
5038
4094
7975
1209
7194
507
4182
951
6326
523
2070
6854
2096
4221
5198
1063
1260
5806
5272
4736
6707
8066
3579
9989
3399
9983
828
8983
7597
3217
1638
4723
2955
5850
1591
7047
5063
1250
2126
8707
6741
6170
6253
265
5010
5245
4959
658
9169
4477
6608
2646
7494
3836
2672
8401
3193
8782
4485
6484
8936
1562
761
4002
5080
9860
8420
5507
245
4364
5745
4215
5131
7792
7217
4274
9859
7430
2942
1291
5370
6507
8931
5117
1010
789
2425
3269
5973
4346
2591
7520
3099
785
7044
5866
9160
8166
8007
4236
6615
2506
5831
7769
1435
3689
9283
8957
6469
3904
608
2045
3718
1743
2947
9902
5222
4079
6922
187
9678
8876
8834
9122
5290
9755
823
3655
4177
1076
2255
6421
175
4220
9441
8266
7957
5812
1561
7368
2647
5300
1872
326
8862
8616
4292
6677
7640
8471
8174
4834
74
1951
2805
590
9707
1443
58
216
7983
1929
9316
1720
4256
414
2541
2919
5159
2913
7725
6360
5188
701
570
1856
1935
8827
334
5931
7841
7162
546
3525
5894
6834
8923
1461
227
6283
5695
536
9331
6367
2213
6608
5245
3523
5640
7350
7220
4645
3421
8721
9976
9356
5113
1402
52
9171
5532
9361
6569
7235
1248
7334
1342
8827
7586
1459
2257
4794
6947
5790
1409
8845
7015
9130
6073
1916
1107
6974
5414
5448
9388
3388
6491
8636
6151
5725
9291
7229
3921
1766
6741
2452
8535
6085
6678
9075
4948
999
7785
3088
6771
3113
5750
3399
8468
5117
2498
5874
1264
7150
6557
8657
7758
5713
8639
3667
8958
8626
2027
6565
4566
8256
1527
7188
6154
7169
3297
5884
9714
5117
8135
8751
2858
8915
5626
312
356
2561
3853
9068
7765
6962
3264
7320
873
3604
4056
9721
7272
8680
1384
1908
2254
3530
7288
4526
1375
6763
9084
1483
5426
2337
2548
8911
1973
8248
3493
9908
9423
1440
3755
3944
391
7252
7490
9227
3694
9752
8457
2042
4395
4287
4311
3766
6454
1040
5830
3547
6331
2150
7678
4813
1714
4003
6213
1899
3561
6044
8276
1283
3297
3936
4436
4084
3466
3438
6552
2410
9932
3750
9023
6534
1630
4249
4879
1781
9868
2808
4414
2962
4657
1843
3674
1967
8922
3380
5015
783
3171
242
6791
6449
9537
3192
6776
9304
5950
4118
2149
4611
1257
5628
9380
3044
5522
7606
2064
4535
7788
4006
9227
1288
3932
2210
6232
2957
6922
6097
4340
3847
2180
5550
1474
8559
3844
1292
7226
6370
1921
5554
4270
3562
4148
272
1522
342
4812
706
2588
2552
8139
8310
7155
2163
2985
3616
1748
2253
441
8086
7544
3486
5623
8982
9152
2243
8360
5919
2804
123
5920
862
7349
9411
4165
7309
2967
7322
7755
5200
2329
4445
7030
1573
3060
1097
675
91
5618
7360
8722
7813
8262
175
9034
4209
2319
4275
2326
9646
6029
5354
1850
1421
4026
162
1075
1598
9767
1923
1347
37
4009
7515
9057
4246
5835
4817
9972
2969
9401
1806
4822
9676
6552
5506
9454
958
8497
3514
6965
4140
6497
5873
5314
4222
3098
4515
5309
9083
7810
5783
9238
144
7190
9593
3741
852
5679
5150
1844
1437
2188
9652
7521
3029
9996
5233
3954
632
4904
6080
4496
5286
9117
1956
2602
8654
5100
6582
8476
7321
3880
621
9931
5554
5030
6399
4995
3461
9018
7137
9076
5681
7429
3975
1259
9679
9263
5590
23
3889
5318
8401
8059
2173
9028
3101
2586
602
943
2131
8074
7155
8425
2538
1929
6729
6416
6373
4943
9402
8212
9533
4475
6416
8682
7204
1322
2730
9802
5584
6581
6310
8149
499
4996
3838
6886
9348
6990
5481
7644
8068
8645
8582
5522
5446
4047
7420
7817
5329
6266
8463
3172
7504
9665
4050
968
6908
7941
2366
9087
6215
5733
5764
8144
3581
1197
3926
8425
198
1460
1318
5729
5814
2557
580
9811
4772
866
2305
6591
2241
6669
5992
2941
266
9853
9533
6797
8733
1817
5751
9219
158
3106
5897
7230
2916
7295
2932
242
3677
1185
2973
142
920
470
6568
1066
9288
3367
4030
8324
4271
270
8021
7710
1773
5813
5528
6212
326
675
8023
894
1383
6031
6463
8300
8573
8806
649
4199
7503
617
3123
1668
4632
1217
1166
6613
9023
145
4889
7733
6253
6401
8009
4861
2526
6161
5075
2070
476
739
3562
4038
1276
1601
1539
7487
8622
3461
7697
3554
4207
4480
9250
8335
5847
8589
6143
9489
5763
7098
4270
6224
1820
1444
4148
8777
5250
4227
7550
3900
5735
6446
2852
1002
4302
6642
3481
6241
8428
257
1725
7928
5045
2635
4564
231
7836
7041
4209
7037
8566
7278
2324
3517
6782
7613
4974
6735
1347
4622
1520
6510
1316
3975
5594
240
2524
8829
2721
3502
4596
4474
374
8036
1557
8459
7608
5293
105
3618
8782
8040
1106
494
3697
1320
1616
765
2405
5581
3032
1317
5837
8749
126
3903
7386
5099
7783
2166
7740
5365
3215
7080
8095
72
4058
5517
2591
2521
6426
3113
7155
7927
2660
5248
5687
6497
5857
2037
4382
1263
2053
4970
5895
4986
1849
3988
105
3046
5268
9461
8134
4863
4920
8609
1960
7959
1558
5230
3360
5984
5519
7213
2002
9327
5583
2394
2675
1550
6772
486
2210
5876
2102
8688
4474
479
7947
3557
6493
9027
9637
105
1892
3598
1347
6712
3467
5470
1396
1029
4759
273
4102
3619
2784
8097
7536
3889
5244
3489
2894
5937
4842
6197
6337
3515
4436
9890
5918
690
9363
7151
8778
1181
8800
8566
7329
8416
1076
2849
5866
6434
6825
3272
5941
8625
8520
9373
9822
3090
363
2004
8253
8675
2050
2000
9513
2473
6903
2024
4883
9231
9643
468
1885
4029
4987
2677
2393
6102
3261
2570
6028
8523
566
1978
5342
9636
9176
6312
3346
5468
1719
494
9870
6282
2467
95
9444
1822
6615
8542
5690
3250
9962
7383
3845
7376
670
7462
3976
5726
7510
2310
6532
4913
6615
9942
7709
8383
9871
2045
2113
4620
4292
5032
9309
9030
4809
2343
3182
6952
5446
2270
8675
4622
3234
6367
7951
3687
7601
5060
3729
287
3495
2298
1189
6677
7766
450
9299
3008
84
7986
2884
9259
3365
7502
7024
3733
7865
3460
4890
6376
2385
8617
2292
5124
8902
4057
8398
686
4267
2721
1062
3548
8324
608
7579
587
2832
601
5097
8478
3284
1663
403
1272
8225
269
2771
6881
4781
3950
967
5170
4926
48
1152
4316
764
4811
8456
9278
5537
2405
770
6848
6561
2028
380
4001
5053
5707
5012
7218
4191
5732
3772
2964
7587
7501
5606
3560
4819
8628
4915
2946
8828
8577
717
1904
452
3332
3041
9646
6769
8964
9207
3291
1438
2442
6600
9089
6290
7573
8195
2461
165
3785
1861
4223
4430
311
6949
8428
4988
6824
5738
6585
8596
854
455
146
6677
6117
4502
3150
7848
851
534
6450
8715
3925
4033
7386
2371
5846
9499
2452
918
5451
698
5007
9422
4079
7389
4443
2059
3407
9784
4891
2127
472
991
9224
4015
3640
2639
2895
132
6400
5587
5399
4620
6461
4819
8487
1504
9766
6689
7444
7903
3061
4388
993
567
8430
1901
2018
604
8768
2461
7433
6215
816
2315
3924
754
5855
6828
9031
5163
5107
1374
8965
8099
9773
8228
1707
7887
7809
4592
6847
7523
7577
8699
2235
2879
1487
3011
6156
9927
9654
6803
8709
6460
6761
3452
2897
6170
6346
7851
5852
8138
1146
7804
22
3965
5698
531
437
4465
3501
4502
4202
2461
954
6855
4521
268
5492
4802
4724
1715
7411
9701
384
5722
6734
2162
614
9541
993
5600
4503
7559
7598
6874
7284
234
1890
1264
3963
4690
2125
5761
5920
6509
9974
7501
4453
6908
3993
2277
2261
6978
4229
32
4785
7850
8626
1219
8640
880
368
3913
6643
3196
3737
7929
1142
4697
3335
2819
6198
7445
74
1754
193
8016
2257
6344
5828
9434
2939
9099
3346
5057
4317
7381
4735
9656
9851
1436
6246
90
4072
2292
2636
5272
4861
9692
4224
1349
5013
6080
2013
8141
5339
2243
1934
7859
637
1665
4288
2585
3093
6513
7572
6207
4194
8897
9075
6613
4051
4237
3542
8415
9627
229
1320
4084
9509
5547
585
197
2951
4363
899
2332
2156
7475
2066
5794
6272
161
7216
6011
1279
6143
4539
6295
8379
9044
3615
6461
9355
925
2935
889
347
5173
2278
9348
5583
7573
4043
6848
5200
3433
8605
9815
8189
3305
7447
7324
1856
776
515
464
598
1170
7710
4963
7758
1158
6409
8970
6962
8095
1573
6118
5925
7458
9342
9119
2663
7593
4614
641
9855
5052
9072
1965
1206
8154
2056
2584
389
5089
9242
8423
3628
9642
3667
1838
8149
7365
8985
6608
3383
2345
2759
1153
7314
6378
8662
2287
9344
322
2392
7208
2150
3185
463
5144
9766
9459
26
9552
6780
3930
3367
2596
7701
9416
7553
9522
1570
8124
7343
6673
7173
6013
1583
8374
7550
7258
1423
1947
7966
7977
4352
1664
99
4212
3337
9933
19
6828
1136
4917
3698
9810
41
4390
2930
258
5962
3954
1085
727
8627
7689
1313
6287
9025
3266
1957
3304
9411
1029
6998
4189
3094
5970
1225
3597
2618
8952
4171
7906
2569
5442
1391
9889
3461
7821
4655
5611
52
2207
3639
5576
5969
7212
9057
4595
146
7760
1461
9018
8279
1544
4679
5
2349
5387
2885
2732
9486
656
1458
7914
5558
9675
8242
24
2792
1023
8201
5392
5362
1799
2752
6145
9110
1378
7725
2482
7535
3671
5107
4579
2438
7580
4251
9072
1984
5857
8811
5829
1359
1022
8343
7482
3602
7753
5676
8473
6403
8676
6348
8050
8250
5906
3220
5558
9296
5098
1645
7663
985
6495
9897
3057
2974
2503
640
1499
3491
4123
8646
8730
4909
5525
7255
7358
4090
6787
4015
9143
7882
200
282
8258
8013
8488
8223
5160
4510
9465
5286
1543
2322
509
9011
1574
1817
1207
7192
3247
1050
1272
7788
3360
9237
1827
9513
4851
5170
2883
1737
5781
9126
175
3483
892
8833
3891
5599
2094
2486
3422
3999
5826
9683
5644
7828
1586
8654
8280
2456
6810
7449
4703
4139
7541
8334
3440
1902
4727
5754
4344
8939
7308
5404
4482
7271
5428
4030
3837
6063
3313
2573
3004
5247
4980
1551
8907
5257
1069
7761
9153
3790
6645
2244
6894
5068
9506
1458
1927
7642
5694
7240
5260
9106
7000
6950
4323
9950
1059
5266
9908
2573
9155
4276
1117
3844
7803
9021
3901
5809
9476
4517
3282
7303
2728
318
1287
2869
2217
2801
5411
3443
5519
6392
4516
8071
7343
552
1527
1644
4359
9818
8349
4506
5599
7115
682
9001
8526
2138
8483
4692
1492
4771
517
3466
1169
571
4294
7663
4316
2904
9742
2518
4426
6482
1720
2930
5445
8289
4489
9368
6283
7309
4493
8128
2605
6115
167
6032
320
7433
6591
4506
7656
2740
3309
9975
6916
9043
2690
7616
4225
9224
8060
9517
7485
2838
370
3334
6979
9911
494
8025
9276
2074
6745
7000
9980
581
9627
3656
6021
8169
7581
3923
3602
4689
9931
3188
2115
7735
2505
8632
6259
59
2082
58
8939
4284
519
1437
521
2030
7680
3479
828
9595
2786
77
6906
6312
6943
1889
6466
115
9613
8724
8469
4537
1076
1482
2567
9194
6626
1481
4588
8856
5932
7272
3574
975
5830
1047
78
9371
2096
56
8647
1644
48
3117
7928
9527
5789
1051
2724
3359
6876
4744
4070
302
381
1534
4313
3359
1906
3253
5086
3191
1453
9568
5256
2249
4461
3043
4622
9797
7516
3026
6210
282
4887
1703
2916
2303
6850
6486
4548
7377
1193
8744
7987
3801
9362
4734
4132
2598
1232
2724
7822
5423
8165
9629
3001
7138
7386
178
4148
4746
2219
921
5864
9431
1622
3381
9993
8832
9275
1568
3187
677
2555
1535
9298
364
8686
8006
6430
584
6458
6015
7435
245
4602
7202
7929
7806
4979
3425
1419
4717
8994
2306
9175
9224
4671
4028
9741
9060
8297
9549
4951
8921
8094
4811
9754
535
9975
680
4796
4201
194
3082
391
3886
9022
3266
9006
6691
6450
1400
3331
1339
1774
6506
7357
4648
8986
3774
8933
2512
4163
2554
4743
9204
6812
793
1635
4850
5551
137
9538
8691
7618
6787
4944
2418
3140
8863
4760
3664
9462
3843
434
2919
6618
8538
898
7601
4676
5060
7650
818
4703
7000
969
3309
9119
3580
4873
6412
1754
5076
8695
7098
9006
7681
1208
7541
230
4044
2602
3759
9355
6457
489
9827
6118
2925
982
5797
9001
8938
6869
8981
1137
6387
5013
5010
1521
2346
7189
5257
7102
6552
497
9640
1189
7805
9489
5081
8189
7986
7685
8478
6094
2449
5133
9487
6361
347
967
7636
2310
8878
6217
8888
1322
2189
8069
8610
4839
2282
4896
1924
6126
434
6619
3539
9135
5875
7363
7588
8201
5335
8762
1224
5274
5947
7066
7850
9672
620
9363
2042
6129
1222
617
6537
2983
135
5014
7090
8038
4703
8761
4099
558
1312
8372
3457
9629
5715
3284
3482
9291
6616
5367
6817
2801
3484
6076
210
6901
6519
1283
5023
7240
2462
5707
7530
2940
6680
3895
5183
6189
2125
1437
1754
6445
8014
9399
2195
9917
3257
5107
8878
648
3153
8246
8825
6405
5222
5692
9297
2517
9627
8049
2995
9586
5038
5107
4053
9754
6827
7997
9230
6593
9821
9510
5097
9654
4120
4498
9290
9672
3820
19
5493
9877
9736
3403
1110
9688
1095
832
2115
9750
9859
2139
1267
2031
1351
7065
6243
7497
2869
9337
2280
727
8331
5735
4999
8703
8671
586
5821
5319
3227
3601
9472
1141
785
3230
7368
3346
9608
605
1673
3588
7664
3039
737
6857
2606
1138
8521
8101
1010
6586
1110
1344
5635
8109
9291
9016
4102
2631
508
5250
1193
4971
6464
4179
6378
3110
9060
3834
2484
6247
527
1731
3049
6645
5726
2037
4872
6846
3639
9171
8767
4119
4135
300
1419
3337
4886
6676
5000
9925
2246
8128
7044
6124
3842
1157
5433
8959
2881
3081
8119
8317
9034
2132
6937
6249
6836
5964
6437
6179
2953
7439
8627
624
8848
2742
8599
8977
7472
8841
494
8162
5985
6093
1752
3575
2194
1987
7535
2305
9419
6572
9222
6083
9587
8195
9184
931
7145
9242
393
98
9513
1544
6840
9680
7290
3810
1434
56
1491
7616
2713
6979
4214
2177
3074
2920
6629
7799
5532
8993
9343
7181
3079
418
4857
62
30
9564
6888
9865
3576
3159
6350
119
6981
3062
8046
3997
6445
1482
6876
2993
4938
6918
2992
3808
2379
2670
5978
340
2459
6035
5324
1278
6674
4543
6160
736
2991
3233
448
5402
5718
4438
6891
4320
434
7297
8565
5433
4599
3815
834
8415
6857
6769
9575
1674
1710
1026
3246
8150
734
2209
5151
6785
7106
7404
5529
9114
2590
7915
2048
1694
6176
2378
7996
2942
3971
7211
3525
7245
8891
4375
2600
9481
8094
4215
2990
6236
1398
1186
990
8599
747
6333
9735
3975
42
8173
5978
643
5992
179
7444
1558
8042
7834
3024
7913
5949
5038
170
6844
6767
1729
7523
1584
7282
4338
2938
5869
3865
4026
3259
4957
5219
783
3116
9668
9577
2504
8349
4410
3293
7842
3078
7863
3709
7235
6986
7207
999
8048
9278
5573
4720
368
9026
8780
2138
6789
6610
3406
7186
9037
7703
9578
4533
2607
8894
8045
4542
7503
5094
5364
7934
7
2515
7844
997
5163
9906
3755
8356
2830
8572
2159
185
3799
9452
6263
4329
2924
7446
9095
2620
6103
4219
1046
515
9995
203
8693
6477
4243
6960
2627
6617
1066
1922
4312
190
7488
3573
8880
3421
7447
3994
2341
8340
6252
7169
1425
1047
8854
2567
7247
6071
6641
4049
8643
9399
3315
8435
8363
7080
7976
5292
9889
925
4119
6976
474
4371
8009
3981
162
1036
5676
2401
4161
4627
7698
7222
8311
6221
7323
7120
9548
5080
3041
9557
7477
5580
2875
3443
4660
5673
6233
3652
9407
1746
2786
3509
7369
6873
2354
5756
2052
3719
300
2436
3369
1239
2427
5546
8492
6130
9633
5275
7171
5829
5134
2807
9978
6713
3710
259
716
9909
4164
9796
6969
8570
2027
4318
9720
8046
2994
4818
6338
4576
5579
6266
4009
3736
756
5313
5382
6377
7631
6495
3431
6109
562
1311
1072
9677
8475
8056
4989
5678
9660
9577
6269
1770
8273
6806
2442
9418
2385
9919
9467
2815
4005
4191
8554
8214
5577
9952
8429
182
3890
3454
195
2463
3172
5310
2968
8904
7083
406
9052
6361
9475
9655
4025
3940
7003
8965
336
3750
4895
4392
3337
7200
2595
991
7741
8083
9474
7847
3445
8398
9878
7952
2451
1393
2296
1654
946
7450
2975
749
4541
3615
9835
9393
4166
6384
7053
6987
7956
9664
5185
8925
7256
5138
7752
6436
8948
5526
2077
645
5347
9318
935
5569
3679
5679
7359
2495
2380
7000
5154
8077
3913
903
4740
2438
3328
2342
1868
6086
1968
3483
1579
2101
5783
9559
4160
4460
5810
5578
8217
4480
71
2550
929
830
5729
9986
1040
6547
8458
3640
2995
2094
5917
3864
9575
8045
1165
9126
2386
4547
7224
402
1922
728
9833
87
223
6740
9763
5640
70
4831
6138
5847
7798
2042
3509
1108
1721
2849
7902
9632
3462
2102
270
6472
5101
1953
4981
1833
5214
2490
1834
9908
5893
5412
4806
8554
5137
1012
7700
5488
8493
6233
9738
6905
9188
2020
73
9517
955
7463
1907
9783
657
7032
9790
4263
8647
3240
455
3310
4014
9217
8963
9608
2934
7735
3792
2228
192
7515
5554
2834
4278
9601
633
9043
6912
1993
89
2508
2567
790
6772
6149
2926
8995
1848
4112
9896
6206
5398
6870
4632
568
4553
8195
8087
135
4188
253
9451
7191
8628
465
2364
8883
9502
2313
7564
9261
6840
2663
2677
9530
8181
2598
2462
6594
1964
2787
1978
4612
7964
81
1408
321
7270
3739
2477
2814
7364
5794
3795
321
4991
5765
528
2189
2194
3518
1890
1303
234
6625
3211
826
2366
7616
564
6242
6219
1801
7570
3186
6162
3185
8451
1745
2617
7622
3090
5232
500
3961
1701
4909
8518
2414
4921
3337
3482
8581
1973
8161
334
5410
7913
6299
7518
674
7191
8229
4787
9117
9189
9218
4540
8280
3212
1867
8157
5969
1965
5509
8461
7704
6798
2564
4042
8852
4173
7614
6509
5058
8480
3730
2213
8184
2332
5327
2796
9767
9901
9992
441
8576
1737
2009
378
1612
8180
1527
3982
1013
4793
8099
2457
5267
546
2022
1073
1479
7717
9940
3854
9267
8235
876
9861
3403
9757
1494
6701
2182
3794
9245
5049
411
8227
1576
5903
6637
4703
678
3717
5181
3365
6538
9596
122
468
4500
182
6985
6411
1968
8738
9061
2251
8964
2422
3754
1301
9319
4308
8703
2645
9579
7094
8890
9719
7144
9094
862
9586
3570
410
5993
4639
337
7322
9848
1174
9774
1614
1712
8818
4690
4131
2535
4606
1007
384
220
9918
7668
6693
5611
6288
1942
965
3521
6850
314
7241
4795
738
5047
7611
569
7351
5051
1270
7127
378
2550
2880
9051
3528
5069
4753
512
8876
7499
7111
9075
6658
1793
8267
6639
4494
7611
7157
8176
511
6774
8862
7669
6653
8229
4774
1171
8029
5898
7659
8433
4746
9873
5568
9651
2111
3684
9860
1574
7095
51
9006
1372
7317
4289
6231
9522
9228
3527
7929
8586
661
8779
7353
1677
6567
8017
2740
5033
5980
2261
2876
1017
5399
9937
7291
2600
2595
6242
4409
2512
8363
8658
8452
4350
2388
2533
4413
5117
617
9577
716
4178
1336
5341
4413
2781
528
5475
5567
4070
5555
8133
2680
2379
9482
4912
3353
870
7946
9688
4969
7171
397
5512
7819
7686
3946
4839
1688
8264
4388
8419
7197
5962
3519
3989
578
3418
9841
1978
1013
5749
7294
3757
914
3543
7868
3667
6981
9675
4763
5120
5367
5200
9013
2810
8218
8356
5778
4252
2655
4223
9031
904
6746
4144
1942
9464
1612
1005
4155
7225
6488
930
4349
5607
6605
1213
3124
4842
2214
9030
5087
1340
8942
977
9007
4494
9689
9521
8723
5360
5642
9478
6576
4169
4562
2724
6465
8670
7104
3609
8382
4278
8871
455
4087
6921
6215
7438
5255
5790
3953
7817
8257
234
2517
3251
5304
30
4165
5826
283
4678
2672
4925
8954
7015
7162
7741
528
3138
9556
8846
2069
6125
2703
4919
6925
487
4436
6483
4522
1922
5898
5989
6487
9378
3222
6943
4407
4141
9657
4603
9957
683
5686
5720
2940
6502
4614
5444
4359
6774
6444
4566
1891
1343
7093
2865
5800
1010
8189
7540
7072
8684
273
7926
2462
4653
8684
1716
7256
5980
1490
4630
6571
5019
9320
3969
2913
8371
3655
1818
534
9792
1403
5572
6440
5534
3355
7699
6188
5856
225
1343
5474
8909
6250
8664
9108
8738
2052
5514
9178
4852
1314
3843
7465
956
1448
1061
2445
9383
8133
8285
7946
4344
4638
5421
6125
2670
7691
6321
1410
6515
8442
4524
9722
2728
9828
3922
597
7680
8370
1030
5903
2451
7369
5378
8272
9788
2688
1255
1977
3909
861
6592
9745
3508
1413
206
5867
4765
6969
2668
2229
1207
3050
6179
3355
551
4359
1650
7322
8683
3567
4597
7820
7130
7494
9284
5470
1552
4109
7949
2508
6886
7500
3201
7795
5657
2000
4621
4236
8115
4047
628
9350
2732
6013
2438
8562
7482
7630
4055
8783
3452
3578
4363
8557
928
8975
2056
2340
5256
2696
6847
2945
6107
6242
2787
9954
3379
6860
6895
3974
3209
2216
4947
825
3649
1023
506
3447
2960
4800
5788
6402
5620
5738
6102
1769
826
829
7540
8215
1253
6762
4108
2517
1820
8387
2734
6127
7483
2476
2177
9482
2730
5004
3109
601
2528
4439
5090
2371
1373
9850
5437
4631
7679
2742
1777
3876
725
4385
4335
7059
1855
3489
7383
9791
5784
1536
3202
2811
1326
3968
433
5619
3413
6256
5408
2314
3959
1667
4956
1529
1519
1109
2738
865
9602
5139
795
718
80
5962
1671
5572
9260
286
1153
3308
7068
1827
1087
3464
1628
2528
4890
5277
9180
420
7808
1975
3607
1527
8783
2890
8869
453
3881
9286
1483
4324
4914
8649
5592
3802
111
5058
9043
1060
2951
3540
3775
3044
6709
6727
619
9297
9075
5694
7037
2543
1349
8603
4409
2338
1087
283
6167
855
7061
4499
2084
6588
3151
4376
9345
8707
1217
5916
9585
7746
1129
9261
8564
9378
7950
4902
8698
9501
8782
7552
5457
1219
8649
5907
3644
4741
5722
4217
4670
6723
7106
6679
6536
6935
5293
9053
5951
7956
4300
2358
9424
9635
2347
9312
1570
4750
6368
6052
4800
4763
7059
9370
7648
647
7473
3154
6785
8768
4063
246
3129
3840
6164
9340
9930
6067
8058
9603
3082
2272
6447
6093
3449
8565
7027
1483
4513
8552
9127
9560
1727
9152
194
3807
442
7242
3262
2087
186
2056
492
6547
213
4269
5038
3869
7024
9980
2735
9247
1677
6265
8423
2791
8170
9949
5818
3149
3285
912
5249
3061
5825
947
4311
4507
7243
6441
8440
8597
5394
6036
8446
7029
6532
9570
9340
5811
8468
9352
8711
2566
9180
4005
1129
8011
6498
7745
5622
9060
7985
5351
2450
8624
5799
965
492
9196
7651
6664
7887
9234
5493
9640
6839
7155
8780
4562
3923
6032
4200
1631
8340
3437
3200
4728
9516
284
1743
4124
3408
4054
9145
5255
7891
1186
6899
8164
6945
8908
5750
248
7258
8488
4161
6759
3161
2899
5563
4258
1978
5645
448
7419
128
9469
7781
170
234
5958
2902
1577
3969
5301
2165
6016
3678
7175
5024
9297
9554
2760
3539
3736
9717
4616
6853
7209
4358
9047
8842
9390
6536
8146
6263
2211
3575
6191
5805
681
2081
7152
107
3990
4521
6402
4303
5909
4504
8681
2892
6919
5448
1173
4632
9758
5975
3194
3283
1435
886
4376
1837
8207
3521
2308
8317
5244
7384
3782
2941
8338
3827
3637
4731
1748
2052
8828
6015
3761
9703
1314
873
7324
3049
8671
6391
9529
9721
9552
7675
3112
2520
2310
1791
3548
333
6999
9406
9058
9748
8274
8069
1803
16
533
1851
476
9103
2723
3709
2654
3559
5109
9824
5611
1121
6061
136
3108
5428
2487
3672
3802
7848
3622
767
9670
1440
4333
292
6780
190
3056
7688
9295
8373
9791
4687
3422
4051
8338
9716
387
7027
4146
1217
6113
3949
4964
3061
5287
1658
680
9365
9150
6471
5872
5338
8695
467
3540
304
5855
9612
7112
9620
6264
9272
2679
2828
7775
3346
1165
259
9974
7715
9053
8170
5154
8036
9015
381
3866
1495
6518
3647
9478
4111
3193
2505
8283
5480
1353
7988
3001
5851
1977
2489
5635
4598
4205
2486
8750
60
9128
8197
9013
2240
9102
2924
532
3361
8949
7555
3216
3557
2494
8973
3881
1116
6652
3316
4977
1651
9411
8126
5331
3705
3200
3030
4300
349
917
3228
7878
6332
9903
5554
9557
1036
7200
9775
7811
2414
1126
6183
2524
9512
3193
6049
6588
3190
5106
6875
1760
1871
2677
8237
4259
9834
5536
5229
913
9899
2554
6676
265
3789
5691
7638
3362
6979
1295
8262
558
9021
7901
7979
1774
3777
6568
7951
7805
8737
1331
2203
9144
6749
9710
814
4922
4778
9019
9399
6062
4807
4198
4568
8864
6733
819
7868
230
3179
4955
4026
6345
1042
4125
2718
1473
7458
1757
6009
6574
2346
9594
1020
8792
9057
4735
9913
1648
8423
6496
5110
8398
6223
1558
5497
9933
2405
6381
820
5431
9582
917
7619
3165
2590
937
1563
46
7644
4643
4504
9064
4598
9476
178
208
1972
7931
5807
6278
2256
6561
3875
513
6495
8030
5024
9054
816
298
758
8273
5877
6014
1219
7130
7264
7404
7998
1613
5282
1195
4821
621
3870
9128
3666
5534
2703
9662
5310
89
4640
9323
5017
7769
1887
9592
6777
1530
7978
6251
2332
42
8758
729
981
7256
9330
5807
1348
7827
9033
3950
2338
460
7127
2303
5555
5976
7767
5682
7713
3332
4873
5004
7863
4858
6814
5877
861
235
1318
7442
7136
9657
8166
943
7892
1743
181
4277
2910
9363
8289
5519
6806
4607
7596
7448
9825
1471
